# Falstad Simulation File
1. Visit the website: https://www.falstad.com/circuit/
2. Load the following circuit description or open the simulation yourself using the provided interface.
3. Below is the description or save the attached file to load into the simulator.



$ 1 0.000005 35.60246606707791 50 5 43 5e-11
156 128 160 208 160 10 0
156 320 160 368 160 10 5
156 496 160 576 160 10 0
w 224 160 272 160 0
w 272 160 272 192 0
w 272 192 320 192 0
w 416 160 448 160 0
w 448 160 448 192 0
w 448 192 496 192 0
w 320 160 304 160 0
w 304 160 304 224 0
w 304 224 320 224 0
w 496 160 480 160 0
w 480 160 480 224 0
w 480 224 496 224 0
w 128 160 112 160 0
w 112 160 112 224 0
w 112 224 128 224 0
w 112 160 112 96 0
w 112 96 112 80 0
w 112 96 304 96 0
w 304 96 304 160 0
w 304 96 480 96 0
w 480 96 480 160 0
152 288 352 192 352 0 3 5 5
w 224 224 288 224 0
w 288 224 288 288 0
w 288 288 288 336 0
w 288 288 320 288 0
w 320 288 320 432 0
w 288 352 432 352 0
w 432 352 432 224 0
w 432 224 416 224 0
w 432 352 432 432 0
w 288 368 608 368 0
w 608 368 608 224 0
w 608 224 592 224 0
w 608 368 608 432 0
w 192 352 192 272 0
w 192 272 240 272 0
w 240 272 240 192 0
w 240 192 224 192 0
w 416 192 432 192 0
w 432 192 432 208 0
w 432 208 464 208 0
w 464 208 464 272 0
w 240 272 464 272 0
w 464 272 640 272 0
w 640 272 640 192 0
w 640 192 592 192 0
R 128 192 64 192 1 2 100 2.5 2.5 0 0.5
197 656 448 720 448 0
w 608 432 608 480 0
w 608 480 656 480 0
w 432 432 432 496 0
w 656 512 432 512 0
w 432 512 432 496 0
w 320 432 320 528 0
w 656 544 320 544 0
w 320 544 320 528 0
g 656 448 656 432 0 0
157 896 240 960 240 0 7 0 0
w 784 448 784 240 0
w 784 240 896 240 0
w 784 480 800 480 0
w 800 480 800 272 0
w 800 272 896 272 0
w 784 512 816 512 0
w 816 512 816 304 0
w 816 304 896 304 0
w 784 544 848 544 0
w 848 544 848 336 0
w 848 336 896 336 0
w 784 576 960 576 0
w 960 576 960 368 0
w 784 608 992 608 0
w 992 608 992 368 0
w 1024 368 1024 640 0
w 784 640 1024 640 0
R 112 80 160 80 0 0 40 5 0 0 0.5


